0.65046875
0.6069270833333333
0.61859375
0.6010416666666667
0.5822916666666668
0.6380729166666665
0.6533333333333333
0.5997395833333332
0.5776562500000001
0.5858854166666668
0.58515625
0.6559895833333332
0.6399479166666666
0.6268750000000001
0.6040625000000002
0.5844270833333333
0.570625
0.6316666666666668
0.5462239583333333
0.6059635416666669
0.6109895833333333
0.5922395833333334
0.6349999999999998
0.5938020833333334
0.6454427083333334
0.639375
0.5908854166666666
0.5372395833333333
0.6283854166666667
0.6013020833333333
0.5804687500000001
0.6076041666666666
0.5754687500000002
0.6234375000000001
0.596640625
0.53578125
0.6581770833333335
0.6536979166666669
0.5566666666666666
0.5842187500000002
0.6218750000000002
0.5816145833333333
0.6313020833333334
0.67890625
0.594609375
0.6666145833333335
0.5928125000000001
0.6928645833333335
0.635703125
0.6279166666666667
0.6270572916666668
0.6346874999999998
0.6208854166666667
0.5752083333333335
0.5627604166666667
0.6842708333333336
0.6094270833333334
0.5866666666666664
0.6587500000000002
0.5816145833333335
0.6405208333333331
0.6108333333333335
0.6297395833333332
0.5638802083333332
0.6139583333333334
0.5715104166666667
0.5542187499999999
0.6408333333333335
0.5564583333333333
0.5769791666666666
0.6291666666666667
0.5934895833333333
0.6812500000000001
0.6557812499999999
0.643828125
0.5778645833333332
0.6176041666666666
0.637890625
0.5495312499999999
0.6648958333333335
0.5367708333333334
0.5410156249999999
0.5656770833333331
0.5765364583333333
0.5781249999999998
0.67046875
0.6358333333333334
0.5877864583333333
0.5896875
0.5471093749999999
0.6545833333333333
0.6244791666666665
0.6337239583333334
0.5844791666666667
0.5377604166666667
0.6537499999999998
0.6441666666666666
0.581380208333333
0.5533854166666666
0.6242708333333333
0.6221354166666666
0.6200520833333333
0.5745312499999999
0.5730989583333335
0.6317187499999999
0.6784895833333334
0.6068749999999999
0.5661458333333331
0.6540104166666666
0.6870833333333334
0.6959114583333335
0.5809375
0.6436458333333333
0.5584895833333333
0.6685416666666666
0.6339843749999998
0.5941145833333333
0.650703125
0.5787500000000001
0.6059895833333334
0.5676041666666667
0.608359375
0.606875
0.6940104166666665
0.64265625
0.6065104166666664
0.5626041666666667
0.6293489583333335
0.5889062500000001
0.6066666666666667
0.6108333333333332
0.6505729166666666
0.5935416666666666
0.6091145833333332
0.5884895833333333
0.5814322916666668
0.6458854166666669
0.5935937499999999
0.5809635416666665
0.58640625
0.6775781250000001
0.6146614583333333
0.6199479166666666
0.5643229166666667
0.6434895833333334
0.6661979166666668
0.552109375
0.5504427083333332
0.5760416666666667
0.5611979166666666
0.5978124999999997
0.60578125
0.6001041666666667
0.6473437500000001
0.7386718749999999
0.6919270833333333
0.5956770833333334
0.5724218750000002
0.5777083333333333
0.6146093750000002
0.6384895833333333
0.6465364583333334
0.5571354166666667
0.5899218750000002
0.5532291666666667
0.6482812500000001
0.6726041666666666
0.6489583333333333
0.5494270833333335
0.6308333333333332
0.52078125
0.60140625
0.5344531250000002
0.6171874999999999
0.5731770833333334
0.5919270833333333
0.6247395833333332
0.6476562500000003
0.5809375000000001
0.6353645833333332
0.6565104166666664
0.609453125
0.6630729166666667
0.6969010416666667
0.6330208333333333
0.5782291666666669
0.6350260416666668
0.6299218749999999
0.59640625
0.5338020833333335
0.6022395833333334
0.6350260416666667
0.6204166666666666
0.6658333333333334
0.5727604166666667
0.6306770833333333
0.6026041666666666
0.5893489583333333
0.6299479166666667
0.5922395833333333
0.6856770833333333
0.6029687500000002
0.6209895833333333
0.5963020833333333
0.5458854166666667
0.5397916666666667
0.6519270833333333
0.6402604166666667
0.6619270833333334
0.5916666666666667
0.6277864583333332
0.6336458333333332
0.6235156249999999
0.62453125
0.6696874999999999
0.6015885416666666
0.6570833333333335
0.6237499999999998
0.579765625
0.5933333333333333
0.5389583333333333
0.48062500000000014
0.5572916666666666
0.5858072916666668
0.6007291666666668
0.5768749999999999
0.5828125000000001
0.5838802083333333
0.6055729166666667
0.5967708333333333
0.57125
0.7079947916666667
0.5892187499999999
0.6594010416666667
0.6209375
0.62328125
0.63671875
0.6498958333333335
0.540625
0.5742187500000002
0.6026041666666666
0.6025000000000001
0.5670052083333335
0.6165625000000001
0.6333072916666667
0.6445312499999999
0.6060677083333333
0.5933854166666667
0.56265625
0.5835416666666668
0.5677604166666669
0.6955208333333335
0.5433333333333334
0.5966145833333334
0.546875
0.5999739583333333
0.6703645833333334
0.5757812500000001
0.5933854166666667
0.6335416666666667
0.6665364583333334
0.6610416666666665
0.6638020833333335
0.6669791666666667
0.5029166666666667
0.5778645833333335
0.5515625
0.5925260416666667
0.7057031249999999
0.5848177083333332
0.5991666666666667
0.6390104166666667
0.5449479166666665
0.5890885416666668
0.6309635416666669
0.6259375
0.6015624999999998
0.6135937499999998
0.6537239583333334
0.5882812500000001
0.5859635416666668
0.6790624999999999
0.5972916666666667
0.6221093749999999
0.6643749999999998
0.5966927083333334
0.6408854166666668
0.5849479166666666
0.6020312499999999
0.6401041666666665
0.5633854166666667
0.6023437500000001
0.6220572916666669
0.558671875
0.6054166666666667
0.5863020833333332
0.6098958333333333
0.6438281249999998
0.7104687500000001
0.5418229166666666
0.6270833333333331
0.561666666666667
0.5816145833333334
0.6057812499999999
0.593359375
0.6685156250000002
0.6124999999999999
0.5301041666666668
0.643203125
0.575546875
0.58609375
0.57890625
0.59953125
0.5905208333333334
0.5746874999999999
0.6149999999999999
0.558515625
0.5863541666666668
0.5731250000000001
0.6123958333333333
0.5865104166666668
0.5822916666666668
0.6302083333333333
0.57921875
0.6915885416666668
0.5663020833333332
0.5496875
0.566875
0.6493229166666665
0.5216666666666667
0.5891666666666667
0.58796875
0.6570833333333332
0.58890625
0.5730208333333335
0.6503645833333332
0.5988802083333334
0.645625
0.6361458333333334
0.6375260416666668
0.6921354166666669
0.5811979166666665
0.6102604166666665
0.6738020833333335
0.60703125
0.6946875
0.6048177083333334
0.6225000000000002
0.6014062500000003
0.6384375
0.6095833333333334
0.6297916666666665
0.6175260416666667
0.5688541666666667
0.6548958333333332
0.58296875
0.61953125
0.6396354166666667
0.6438541666666668
0.6178645833333334
0.6295833333333334
0.610078125
0.5715104166666666
0.6393749999999999
0.66984375
0.6279166666666668
0.5676041666666666
0.6098437500000002
0.5740364583333332
0.6230729166666668
0.6015104166666665
0.5535416666666667
0.5784895833333333
0.6117708333333333
0.6044791666666668
0.638359375
0.5342187500000001
0.54703125
0.5794270833333333
0.5997916666666668
0.64171875
0.6323697916666667
0.5909114583333335
0.6322916666666666
0.5761458333333334
0.6253645833333334
0.5464583333333334
0.6193750000000001
0.6492708333333335
0.6444791666666668
0.6703125
0.6852604166666666
0.582890625
0.6301302083333334
0.611979166666667
0.587578125
0.6215624999999999
0.6249479166666668
0.678125
0.5803125
0.5821875000000001
0.6622395833333331
0.60671875
0.666484375
0.5916927083333335
0.61546875
0.6550520833333333
0.6201302083333333
0.5428645833333334
0.5809375000000001
0.6079687500000001
0.5770572916666666
0.5985937500000001
0.5058854166666668
0.5824479166666667
0.5966666666666667
0.6066145833333335
0.6175520833333334
0.6150260416666666
0.6173437499999999
0.6161197916666667
0.6128645833333333
0.6015625000000001
0.6002083333333332
0.5163541666666667
0.5877604166666667
0.5857291666666667
0.5617708333333332
0.6068489583333333
0.6146354166666669
0.6278125
0.557578125
0.6191145833333334
0.6177604166666667
0.600625
0.5853125
0.6455208333333334
0.60578125
0.6514062499999999
0.5673437499999999
0.5741145833333332
0.5794791666666665
0.5641666666666666
0.5659375000000001
0.6758854166666667
0.5822395833333335
0.6635677083333335
0.6336979166666665
0.5788020833333333
0.6171875
0.59390625
0.6597916666666666
0.6294791666666666
0.591015625
0.6774479166666667
0.5926041666666668
0.6739583333333335
0.6378125
0.6416145833333333
0.7056770833333332
0.5974479166666667
0.6223437499999998
0.5695833333333337
0.5556770833333334
0.6501822916666667
0.570703125
0.6055468749999998
0.5552864583333333
0.5961979166666667
0.5764583333333334
0.6174999999999999
0.5954166666666666
0.6454166666666665
0.6368229166666667
0.61953125
0.6283593750000002
0.5786458333333332
0.5630729166666666
0.6086458333333332
0.5559895833333335
0.6112500000000002
0.6196875
0.5346354166666667
0.63890625
0.6009895833333332
0.5754687499999999
0.6007552083333335
0.63859375
0.6780208333333333
0.6432552083333334
0.6278645833333333
0.5971875000000001
0.6391145833333334
0.6530729166666664
0.6397395833333335
0.536875
0.5958333333333333
0.5538541666666665
0.5842187499999999
0.51390625
0.5816145833333333
0.6151041666666669
0.590390625
0.6275000000000002
0.6241145833333335
0.6415625000000001
0.6645312499999999
0.5725781250000002
0.60328125
0.5750520833333335
0.6354427083333334
0.5813541666666667
0.6224479166666667
0.5923958333333332
0.5612499999999999
0.6105208333333333
0.6140625
0.6273177083333333
0.6740625000000001
0.5856770833333335
0.6290625000000001
0.6532291666666667
0.5725
0.5840624999999998
0.584921875
0.685625
0.6960937500000002
0.5850520833333335
0.5830208333333333
0.5697395833333334
0.5728124999999998
0.5711979166666665
0.5829166666666665
0.6450520833333333
0.6168229166666667
0.66453125
0.6403645833333332
0.6339583333333334
0.6572395833333333
0.5677083333333333
0.58875
0.5795833333333335
0.7174479166666667
0.6077083333333333
0.5947916666666668
0.6178645833333334
0.5876562500000001
0.5715885416666667
0.6093750000000001
0.6415104166666667
0.5891666666666667
0.6270572916666667
0.6611458333333335
0.6286979166666666
0.7011979166666665
0.5234374999999999
0.5751562499999998
0.6500520833333334
0.6282812499999999
0.5962500000000002
0.5255468749999997
0.5997395833333334
0.5156770833333333
0.6826822916666668
0.5939583333333333
0.6774479166666667
0.6256250000000001
0.6205468749999999
0.5914583333333332
0.5438541666666665
0.6183072916666668
0.5872916666666668
0.6032291666666668
0.6206770833333334
0.6152083333333335
0.6359375
0.6295312499999999
0.6335677083333333
0.5747395833333333
0.6524479166666667
0.6108333333333333
0.6110937500000002
0.6072395833333333
0.6183333333333332
0.6586979166666667
0.6392187500000002
0.5457552083333332
0.6324479166666669
0.6290625
0.6355729166666667
0.6639583333333331
0.6193229166666666
0.62125
0.6089583333333334
0.5901562500000002
0.5283072916666667
0.5752083333333333
0.6073958333333332
0.6239583333333333
0.588046875
0.6160416666666668
0.67828125
0.6381250000000002
0.6498958333333333
0.5723958333333334
0.7021875000000002
0.6683854166666667
0.6211458333333333
0.6015625000000001
0.5748437500000001
0.6369531250000001
0.6010416666666668
0.5830729166666666
0.6290625000000001
0.5965104166666665
0.6521093749999999
0.5327604166666668
0.6133333333333334
0.5897916666666666
0.5349999999999999
0.6275520833333335
0.635625
0.60484375
0.6218750000000001
0.591875
0.6086458333333332
0.5942187499999999
0.6067187499999999
0.6447395833333333
0.5976302083333332
0.6075520833333332
0.6953125
0.5582291666666668
0.6261979166666666
0.6943489583333333
0.6703125
0.6158333333333331
0.6471614583333336
0.5702083333333334
0.5934375000000001
0.6605989583333333
0.59078125
0.5710677083333334
0.6325000000000002
0.5751562499999998
0.6320833333333333
0.5432291666666668
0.5544270833333333
0.6355208333333334
0.5351041666666668
0.5538020833333333
0.6146354166666665
0.6411979166666668
0.5542187499999999
0.5406770833333334
0.5746354166666668
0.553125
0.5427083333333335
0.5564062500000001
0.5466145833333335
0.6014583333333333
0.6335416666666669
0.5993750000000001
0.5743229166666667
0.57921875
0.6051041666666666
0.6261979166666668
0.6274479166666667
0.5790625000000003
0.6211197916666668
0.5571614583333332
0.5792708333333333
0.5928645833333335
0.5995312500000002
0.5436979166666664
0.6172395833333334
0.5900000000000001
0.6053385416666667
0.6910937499999997
0.6407291666666669
0.6324479166666669
0.6852604166666667
0.6179166666666664
0.6397916666666666
0.6264583333333333
0.6790104166666668
0.5333854166666667
0.5821093749999999
0.5821354166666665
0.5694791666666668
0.6428645833333334
0.6249479166666667
0.6428124999999999
0.5796354166666666
0.6340104166666667
0.6544791666666664
0.5860677083333332
0.6233333333333334
0.5658854166666667
0.6187500000000001
0.6403125000000002
0.5899479166666667
0.6059895833333333
0.5728906250000001
0.5995833333333335
0.6151041666666667
0.5366145833333332
0.5451822916666667
0.5973958333333333
0.6398958333333333
0.5890104166666669
0.5972916666666667
0.6179687500000002
0.6566666666666664
0.6088802083333335
0.5419270833333334
0.6555208333333331
0.6402604166666667
0.6270833333333334
0.5963541666666665
0.6071354166666667
0.5793229166666667
0.6664583333333333
0.6498177083333333
0.5861458333333334
0.6182291666666666
0.6171354166666665
0.5538020833333334
0.5673958333333333
0.6346614583333333
0.644375
0.6937500000000001
0.6508854166666669
0.6429166666666666
0.6668229166666667
0.6235156249999999
0.59671875
0.5933333333333334
0.668046875
0.5966666666666667
0.6481249999999998
0.61875
0.6369531249999999
0.6309375000000002
0.6068750000000002
0.6091666666666665
0.6074479166666666
0.5998697916666665
0.5875520833333333
0.5703645833333335
0.52609375
0.5965364583333332
0.64359375
0.6955208333333333
0.6119791666666669
0.7158333333333331
0.64
0.6566145833333333
0.5747395833333332
0.5930208333333333
0.6181250000000003
0.60296875
0.6066666666666665
0.65234375
0.5884895833333335
0.6299999999999999
0.5355208333333333
0.5859375
0.6179166666666667
0.6357812500000001
0.6622395833333335
0.6090104166666667
0.5669270833333334
0.64796875
0.5509895833333334
0.6484895833333333
0.5784375
0.5728125000000001
0.6036979166666664
0.6333072916666665
0.6019270833333334
0.6100260416666666
0.6024999999999999
0.5953906250000002
0.6652083333333333
0.5797916666666667
0.64125
0.639765625
0.59953125
0.631041666666667
0.6377083333333333
0.6723177083333333
0.6446875
0.7047916666666666
0.6247395833333335
0.61953125
0.5295312499999999
0.6052083333333333
0.5658333333333334
0.5554166666666668
0.6274479166666668
0.623125
0.5586197916666668
0.6054427083333335
0.6584375
0.6186718750000001
0.611640625
0.60015625
0.6064062500000003
0.5599218749999999
0.5328124999999999
0.5444791666666666
0.6315885416666667
0.6164583333333336
0.5880208333333333
0.6367708333333332
0.5948958333333334
0.6319791666666669
0.5746354166666666
0.72
0.5850520833333333
0.66
0.7006250000000003
0.58546875
0.57375
0.6412239583333335
0.554375
0.5991666666666667
0.6142708333333333
0.6285416666666666
0.56734375
0.6012500000000001
0.5848437499999999
0.6247395833333332
0.6230729166666668
0.6301562500000001
0.5547916666666667
0.5924479166666665
0.7226562500000001
0.6415104166666665
0.6301562500000001
0.6872395833333336
0.5729166666666667
0.6164583333333333
0.6154166666666668
0.6590625
0.6291666666666665
0.5717708333333336
0.5613020833333333
0.5548177083333333
0.569921875
0.6449479166666668
0.59734375
0.6227604166666667
0.7005208333333333
0.6585416666666666
0.5719270833333333
0.6922916666666664
0.6678645833333334
0.6317708333333334
0.6030729166666666
0.5244270833333334
0.5971354166666667
0.68984375
0.6527604166666666
0.5874479166666667
0.5456770833333331
0.5918229166666666
0.6494531250000002
0.5917447916666666
0.5183333333333333
0.6325260416666668
0.5566666666666665
0.5790104166666665
0.6027864583333333
0.5873958333333335
0.62140625
0.5409375
0.551171875
0.5625520833333334
0.6649479166666664
0.645
0.5854947916666667
0.6193489583333334
0.6077083333333332
0.5658854166666667
0.5941145833333334
0.5710416666666669
0.5900520833333335
0.5397656249999999
0.60203125
0.6587760416666666
0.6034375
0.5534375000000001
0.5700000000000002
0.7066927083333332
0.6672395833333334
0.5804427083333333
0.6220312500000001
0.587578125
0.5661458333333332
0.5497916666666668
0.6709374999999999
0.6104687499999999
0.5834375
0.6193229166666666
0.590625
0.60046875
0.5509114583333337
0.63046875
0.5976041666666668
0.6307291666666666
0.6049999999999999
0.6514583333333331
0.6401302083333331
0.5843750000000001
0.6804947916666668
0.6214583333333334
0.5840104166666666
0.5857812500000003
0.5903124999999999
0.5533854166666666
0.66578125
0.6238541666666668
0.5577604166666668
0.5736979166666668
0.6845572916666665
0.6261197916666666
0.5658333333333334
0.486875
0.6402604166666666
0.543046875
0.5819531249999998
0.6336458333333334
0.6904166666666667
0.6182291666666668
0.6331249999999998
0.6051562500000002
0.5538020833333334
0.5209895833333333
0.5854166666666668
0.6111979166666668
0.5315624999999998
0.6270312499999998
0.5348697916666665
0.6389062500000001
0.6069791666666664
0.57390625
0.6105729166666667
0.644973958333333
0.5767187500000002
0.6100000000000001
0.6265104166666665
0.5825520833333333
0.6177604166666666
0.661171875
0.6447656249999999
0.5915625
0.6313281250000002
0.65046875
0.6403906250000001
0.5549479166666668
0.5846874999999999
0.6066406249999999
0.5937499999999998
0.5997135416666667
0.574375
0.6098958333333333
0.6438281249999998
0.7104687500000001
0.5418229166666666
0.6270833333333331
0.561666666666667
0.5816145833333334
0.6057812499999999
0.593359375
0.6685156250000002
0.6124999999999999
0.5301041666666668
0.643203125
0.575546875
0.58609375
0.57890625
0.59953125
0.5905208333333334
0.5746874999999999
0.6149999999999999
0.558515625
0.5863541666666668
0.5731250000000001
0.6123958333333333
0.5865104166666668
0.5822916666666668
0.6302083333333333
0.57921875
0.6915885416666668
0.5663020833333332
0.5496875
0.566875
0.6493229166666665
