0.47692708333333333
0.5163541666666666
0.4757552083333333
0.526640625
0.4952864583333333
0.498984375
0.5147656249999997
0.5190625
0.5057552083333335
0.48851562500000006
0.5533072916666668
0.47294270833333324
0.5286979166666668
0.4673697916666666
0.5222395833333333
0.5018229166666667
0.5303906249999999
0.5149739583333333
0.47958333333333336
0.5096354166666669
0.5143229166666667
0.5151562499999999
0.4733072916666668
0.48382812499999994
0.4921354166666667
0.48744791666666665
0.47419270833333343
0.605234375
0.513984375
0.48869791666666673
0.48554687499999993
0.5178385416666667
0.5363802083333333
0.48705729166666656
0.5141145833333333
0.5026302083333334
0.4898177083333334
0.5145833333333332
0.5233072916666667
0.5127604166666665
0.5360937499999999
0.48481770833333315
0.4869531250000001
0.49059895833333333
0.48692708333333334
0.5183072916666664
0.5161979166666666
0.4792708333333333
0.5310156250000001
0.5121875
0.48619791666666673
0.5329947916666667
0.48335937500000015
0.506171875
0.5321354166666667
0.48523437500000005
0.48578124999999983
0.49335937500000004
0.4928385416666666
0.483046875
0.5504166666666667
0.5086718750000002
0.5076562499999999
0.48570312500000007
0.4882552083333333
0.56078125
0.4992447916666666
0.49752604166666664
0.5423697916666668
0.5786197916666667
0.47864583333333327
0.5120572916666665
0.5047916666666666
0.48692708333333345
0.51609375
0.5016406250000002
0.4944531249999999
0.5086718749999999
0.49018229166666666
0.500703125
0.4871874999999998
0.5319010416666665
0.5018229166666667
0.5813020833333333
0.4675260416666667
0.49968749999999995
0.5207291666666667
0.4947135416666666
0.5189583333333332
0.535703125
0.5216666666666666
0.4908333333333333
0.5694791666666666
0.4828645833333334
0.5185677083333334
0.499921875
0.48330729166666664
0.468515625
0.527890625
0.47557291666666673
0.5015104166666665
0.5920052083333333
0.5084374999999998
0.5063802083333333
0.5167447916666666
0.4721875
0.5005729166666666
0.5434374999999999
0.48562500000000014
0.5557552083333334
0.496484375
0.5001302083333333
0.4686197916666666
0.49841145833333333
0.48127604166666665
0.5293489583333333
0.5184375
0.49716145833333336
0.4984895833333332
0.4852604166666666
0.4949739583333334
0.49260416666666673
0.504765625
0.4827604166666667
0.49919270833333357
0.5134895833333332
0.47486979166666665
0.530625
0.5743489583333333
0.5007552083333333
0.5444791666666667
0.5604687500000001
0.49690104166666665
0.46867187500000007
0.49143229166666663
0.5054427083333335
0.49265625000000013
0.46643229166666655
0.49627604166666667
0.47208333333333313
0.57484375
0.5051302083333333
0.5374739583333333
0.52171875
0.49703125
0.4814322916666666
0.5055989583333333
0.48861979166666664
0.4817187499999999
0.4961458333333333
0.513828125
0.49640624999999994
0.49890624999999994
0.48562500000000014
0.5046614583333333
0.4805468749999999
0.47981770833333337
0.49005208333333306
0.4993229166666666
0.5422395833333331
0.5376041666666668
0.470546875
0.49065104166666657
0.47552083333333334
0.5436979166666667
0.5840885416666666
0.48041666666666677
0.5247916666666668
0.479453125
0.5631250000000001
0.48166666666666663
0.5070312499999999
0.49598958333333326
0.508359375
0.5025260416666668
0.5159114583333334
0.48247395833333334
0.5947395833333333
0.469453125
0.48164062499999993
0.49153645833333326
0.5007552083333332
0.46575520833333345
0.4809375000000001
0.53375
0.453671875
0.48020833333333335
0.5634114583333332
0.4997135416666666
0.5032812499999999
0.4888541666666666
0.4990364583333334
0.4971354166666667
0.52078125
0.513046875
0.46677083333333336
0.5305468750000001
0.5325260416666667
0.47911458333333345
0.5202604166666667
0.486875
0.4721614583333333
0.5032552083333333
0.4949739583333334
0.5427864583333333
0.49109375000000005
0.5114322916666667
0.49041666666666667
0.53140625
0.5330468750000001
0.48932291666666666
0.48898437500000014
0.4979427083333334
0.5077083333333333
0.48328124999999994
0.5818229166666666
0.4984374999999999
0.49213541666666677
0.4900520833333333
0.5171614583333333
0.4992708333333333
0.5098697916666667
0.49218749999999983
0.5367447916666667
0.5392447916666667
0.5596875000000001
0.486640625
0.503125
0.5129947916666667
0.5139062500000002
0.5092447916666668
0.4966666666666666
0.48541666666666666
0.48492187500000017
0.5857291666666669
0.4714583333333333
0.5027604166666665
0.5271614583333334
0.5091927083333333
0.49028645833333334
0.5033072916666667
0.4864843750000001
0.56421875
0.4890364583333332
0.5990364583333334
0.5031770833333334
0.5244270833333334
0.4745833333333333
0.5280208333333332
0.4923958333333335
0.5206510416666666
0.47325520833333345
0.5075260416666666
0.4838541666666667
0.47799479166666664
0.5311458333333332
0.5152604166666667
0.4994010416666667
0.48458333333333337
0.49601562500000007
0.5092187499999999
0.5174218749999999
0.5127343750000002
0.47098958333333335
0.5038802083333334
0.49885416666666665
0.5106770833333334
0.5279427083333335
0.5059635416666668
0.49867187499999993
0.4716406249999999
0.5070052083333334
0.4875781249999999
0.5161458333333333
0.5209895833333333
0.48546875
0.4848958333333332
0.5063020833333334
0.48276041666666664
0.5074739583333333
0.49570312499999986
0.4985416666666667
0.4900781249999999
0.5002604166666668
0.49377604166666667
0.479296875
0.5022916666666666
0.4754947916666668
0.5055989583333335
0.5004947916666665
0.485625
0.45638020833333337
0.450390625
0.5428645833333334
0.5045572916666666
0.48346354166666655
0.469765625
0.4984375000000002
0.4697135416666666
0.4859374999999999
0.47166666666666657
0.523359375
0.5408333333333334
0.5841145833333332
0.5165885416666667
0.50625
0.49833333333333335
0.5246614583333334
0.51015625
0.4719531250000001
0.4759895833333333
0.5513020833333334
0.48664062499999977
0.49705729166666673
0.5197656250000001
0.4895052083333332
0.514375
0.5009635416666667
0.4788020833333334
0.5305468750000001
0.49945312499999994
0.5614062500000001
0.5053385416666668
0.4880729166666668
0.5361197916666665
0.479765625
0.48151041666666666
0.5064322916666665
0.5050520833333335
0.49059895833333317
0.49791666666666673
0.5038020833333333
0.5408854166666667
0.5048958333333333
0.506171875
0.502421875
0.5340885416666666
0.4919010416666667
0.5211979166666665
0.53921875
0.4885416666666666
0.575390625
0.4924739583333333
0.5246875000000001
0.5019791666666665
0.5052083333333333
0.4934635416666666
0.5034375
0.4805208333333333
0.5026302083333335
0.60015625
0.4905989583333333
0.49296875000000007
0.4966927083333333
0.5251822916666665
0.541328125
0.548828125
0.5011197916666668
0.4870052083333334
0.5061718749999999
0.48713541666666665
0.5188541666666666
0.4990104166666666
0.5234895833333334
0.47296875000000016
0.502421875
0.5091406249999999
0.570859375
0.4989843750000001
0.49601562500000007
0.5707812499999999
0.5247135416666665
0.4834635416666667
0.48763020833333326
0.530703125
0.4814843749999999
0.5082552083333333
0.507265625
0.48101562499999995
0.5541145833333334
0.508515625
0.5061458333333334
0.494375
0.4924739583333334
0.5122395833333333
0.48520833333333335
0.48757812499999986
0.5175260416666666
0.49213541666666677
0.5404427083333334
0.4854947916666667
0.5086979166666667
0.5347916666666667
0.5426041666666668
0.52484375
0.5028125000000001
0.4967447916666665
0.49445312500000005
0.49432291666666667
0.5236979166666667
0.4990624999999999
0.548359375
0.5172395833333334
0.51078125
0.5167187500000001
0.5898958333333333
0.4834374999999999
0.5100260416666668
0.5060677083333335
0.5174218749999998
0.4807291666666667
0.4776041666666667
0.5001562500000002
0.5343749999999999
0.5034635416666666
0.5014062500000002
0.48135416666666664
0.47635416666666663
0.5011197916666665
0.5012760416666666
0.4978385416666667
0.474453125
0.48205729166666655
0.5570833333333333
0.5311197916666668
0.5030208333333333
0.5033072916666667
0.46963541666666686
0.5672656250000001
0.5173177083333332
0.478671875
0.49039062500000014
0.4940104166666666
0.5138020833333333
0.4934375000000001
0.49721354166666676
0.4961197916666665
0.5381510416666667
0.5243489583333333
0.4869010416666666
0.5120572916666667
0.520546875
0.4841927083333333
0.49744791666666677
0.47484375
0.49203125
0.53640625
0.4774479166666667
0.5026041666666666
0.5079687500000001
0.508359375
0.5087760416666667
0.5127864583333334
0.5159114583333333
0.5496614583333332
0.49578125
0.5142968750000001
0.47804687499999987
0.5465104166666667
0.49018229166666655
0.5045312499999999
0.5074739583333333
0.5146093749999999
0.5019270833333332
0.47684895833333324
0.47963541666666676
0.5201562499999999
0.5028645833333332
0.5529947916666668
0.49955729166666674
0.47611979166666674
0.5054166666666667
0.49674479166666674
0.47611979166666657
0.48164062500000016
0.5494531250000001
0.4794531249999999
0.48156249999999995
0.4749739583333333
0.4942447916666666
0.5121354166666667
0.485078125
0.47653645833333336
0.4864322916666668
0.5290104166666667
0.476953125
0.49315104166666657
0.5115364583333333
0.5507291666666666
0.5063541666666667
0.4954166666666666
0.48322916666666677
0.5152343750000002
0.4922656250000001
0.5366927083333333
0.5014322916666666
0.50046875
0.4960677083333334
0.4984895833333332
0.46895833333333337
0.507578125
0.48442708333333323
0.50140625
0.4772395833333333
0.47575520833333335
0.49804687500000006
0.49140624999999993
0.48520833333333335
0.51015625
0.508984375
0.5357031250000002
0.507578125
0.5516145833333332
0.46598958333333335
0.5015104166666666
0.4942187500000001
0.5099999999999999
0.5145312499999999
0.5172656250000001
0.454765625
0.5348697916666666
0.4886458333333333
0.48677083333333326
0.5556510416666666
0.5497135416666667
0.5047656250000001
0.5114583333333332
0.5276822916666666
0.4884375
0.5096875000000001
0.5190625000000001
0.49502604166666664
0.5461458333333333
0.51703125
0.552890625
0.4999218749999999
0.5033854166666667
0.5117708333333333
0.48713541666666677
0.521015625
0.4943749999999998
0.49692708333333313
0.5341666666666668
0.4650520833333334
0.5458593750000001
0.5146875000000001
0.5012500000000002
0.4934895833333334
0.49492187499999984
0.48861979166666664
0.5118750000000002
0.5402083333333333
0.506171875
0.48341145833333343
0.48614583333333344
0.5086718749999999
0.4655729166666667
0.4770833333333334
0.483671875
0.51171875
0.46960937499999994
0.4722135416666668
0.5905208333333334
0.5086979166666667
0.4732031249999998
0.5324479166666667
0.5229427083333333
0.5279687500000001
0.5817968750000001
0.5332812499999998
0.4715625
0.4922135416666667
0.4786197916666666
0.48684895833333336
0.550859375
0.4923697916666667
0.48848958333333337
0.4842968750000001
0.5356250000000001
0.5303906249999999
0.51515625
0.5393749999999999
0.49864583333333334
0.5110416666666665
0.5565885416666668
0.5508333333333332
0.4883072916666666
0.5180729166666667
0.5007291666666666
0.5072395833333334
0.48489583333333336
0.5045312500000001
0.4827604166666669
0.5200781250000001
0.5054427083333333
0.524140625
0.5091927083333334
0.5825781249999998
0.500078125
0.4872395833333333
0.48455729166666656
0.49544270833333337
0.4786458333333334
0.5189062499999999
0.484765625
0.5270833333333335
0.5053906250000001
0.517578125
0.4812239583333334
0.4806249999999999
0.46684895833333345
0.522421875
0.4960677083333334
0.49617187499999993
0.5141927083333333
0.5030729166666666
0.5048177083333334
0.47856770833333345
0.5117187499999999
0.5075520833333333
0.4932552083333333
0.509609375
0.472890625
0.5204166666666667
0.48497395833333323
0.6040625000000001
0.4862499999999999
0.4900781249999999
0.50703125
0.5015364583333333
0.5008333333333332
0.49554687499999994
0.582734375
0.511640625
0.49013020833333326
0.5029687500000001
0.6350520833333332
0.5367708333333333
0.49825520833333337
0.5067447916666665
0.5406249999999999
0.5677604166666667
0.53546875
0.5089062499999999
0.5063281249999999
0.47497395833333333
0.5219010416666667
0.5008072916666667
0.495703125
0.45869791666666676
0.5064322916666666
0.5286718749999999
0.5064583333333332
0.5068229166666666
0.5592447916666667
0.4990104166666666
0.48497395833333334
0.4833072916666665
0.4816927083333333
0.5418229166666667
0.4984375
0.5122135416666665
0.4988020833333332
0.5051822916666666
0.53828125
0.5130208333333335
0.5210156249999999
0.536171875
0.5053385416666666
0.4707812500000001
0.5163802083333333
0.47692708333333333
0.5163541666666666
0.4757552083333333
0.526640625
0.4952864583333333
0.498984375
0.5147656249999997
0.5190625
0.5057552083333335
0.48851562500000006
0.5533072916666668
0.47294270833333324
0.5286979166666668
0.4673697916666666
0.5222395833333333
0.5018229166666667
0.5303906249999999
0.5149739583333333
0.47958333333333336
0.5096354166666669
0.5143229166666667
0.5151562499999999
0.4733072916666668
0.48382812499999994
0.4921354166666667
0.48744791666666665
0.47419270833333343
0.605234375
0.513984375
0.48869791666666673
0.48554687499999993
0.5178385416666667
0.5363802083333333
0.48705729166666656
0.5141145833333333
0.5026302083333334
0.4898177083333334
0.5145833333333332
0.5233072916666667
0.5127604166666665
0.5360937499999999
0.48481770833333315
0.4869531250000001
0.49059895833333333
0.48692708333333334
0.5183072916666664
0.5161979166666666
0.4792708333333333
0.5310156250000001
0.5121875
0.48619791666666673
0.5329947916666667
0.48335937500000015
0.506171875
0.5321354166666667
0.48523437500000005
0.48578124999999983
0.49335937500000004
0.4928385416666666
0.483046875
0.5504166666666667
0.5086718750000002
0.5076562499999999
0.48570312500000007
0.4882552083333333
0.56078125
0.4992447916666666
0.49752604166666664
0.5423697916666668
0.5786197916666667
0.47864583333333327
0.5120572916666665
0.5047916666666666
0.48692708333333345
0.51609375
0.5016406250000002
0.4944531249999999
0.5086718749999999
0.49018229166666666
0.500703125
0.4871874999999998
0.5319010416666665
0.5018229166666667
0.5813020833333333
0.4675260416666667
0.49968749999999995
0.5207291666666667
0.4947135416666666
0.5189583333333332
0.535703125
0.5216666666666666
0.4908333333333333
0.5694791666666666
0.4828645833333334
0.5185677083333334
0.499921875
0.48330729166666664
0.468515625
0.527890625
0.47557291666666673
0.5015104166666665
0.5920052083333333
0.5084374999999998
0.5063802083333333
0.5167447916666666
0.4721875
0.5005729166666666
0.5434374999999999
0.48562500000000014
0.5557552083333334
0.496484375
0.5001302083333333
0.4686197916666666
0.49841145833333333
0.48127604166666665
0.5293489583333333
0.5184375
0.49716145833333336
0.4984895833333332
0.4852604166666666
0.4949739583333334
0.49260416666666673
0.504765625
0.4827604166666667
0.49919270833333357
0.5134895833333332
0.47486979166666665
0.530625
0.5743489583333333
0.5007552083333333
0.5444791666666667
0.5604687500000001
0.49690104166666665
0.46867187500000007
0.49143229166666663
0.5054427083333335
0.49265625000000013
0.46643229166666655
0.49627604166666667
0.47208333333333313
0.57484375
0.5051302083333333
0.5374739583333333
0.52171875
0.49703125
0.4814322916666666
0.5055989583333333
0.48861979166666664
0.4817187499999999
0.4961458333333333
0.513828125
0.49640624999999994
0.49890624999999994
0.48562500000000014
0.5046614583333333
0.4805468749999999
0.47981770833333337
0.49005208333333306
0.4993229166666666
0.5422395833333331
0.5376041666666668
0.470546875
0.49065104166666657
0.47552083333333334
0.5436979166666667
0.5840885416666666
0.48041666666666677
0.5247916666666668
0.479453125
0.5631250000000001
0.48166666666666663
0.5070312499999999
0.49598958333333326
0.508359375
0.5025260416666668
0.5159114583333334
0.48247395833333334
0.5947395833333333
0.469453125
0.48164062499999993
0.49153645833333326
0.5007552083333332
0.46575520833333345
0.4809375000000001
0.53375
0.453671875
0.48020833333333335
0.5634114583333332
0.4997135416666666
0.5032812499999999
0.4888541666666666
0.4990364583333334
0.4971354166666667
0.52078125
0.513046875
0.46677083333333336
0.5305468750000001
0.5325260416666667
0.47911458333333345
0.5202604166666667
0.486875
0.4721614583333333
0.5032552083333333
0.4949739583333334
0.5427864583333333
0.49109375000000005
0.5114322916666667
0.49041666666666667
0.53140625
0.5330468750000001
0.48932291666666666
0.48898437500000014
0.4979427083333334
0.5077083333333333
0.48328124999999994
0.5818229166666666
0.4984374999999999
0.49213541666666677
0.4900520833333333
0.5171614583333333
0.4992708333333333
0.5098697916666667
0.49218749999999983
0.5367447916666667
0.5392447916666667
0.5596875000000001
0.486640625
0.503125
0.5129947916666667
0.5139062500000002
0.5092447916666668
0.4966666666666666
0.48541666666666666
0.48492187500000017
0.5857291666666669
0.4714583333333333
0.5027604166666665
0.5271614583333334
0.5091927083333333
0.49028645833333334
0.5033072916666667
0.4864843750000001
0.56421875
0.4890364583333332
0.5990364583333334
0.5031770833333334
0.5244270833333334
0.4745833333333333
0.5280208333333332
0.4923958333333335
0.5206510416666666
0.47325520833333345
0.5075260416666666
0.4838541666666667
0.47799479166666664
0.5311458333333332
0.5152604166666667
0.4994010416666667
0.48458333333333337
0.49601562500000007
0.5092187499999999
0.5174218749999999
0.5127343750000002
0.47098958333333335
0.5038802083333334
0.49885416666666665
0.5106770833333334
0.5279427083333335
0.5059635416666668
0.49867187499999993
0.4716406249999999
0.5070052083333334
0.4875781249999999
0.5161458333333333
0.5209895833333333
0.48546875
0.4848958333333332
0.5063020833333334
0.48276041666666664
0.5074739583333333
0.49570312499999986
0.4985416666666667
0.4900781249999999
0.5002604166666668
0.49377604166666667
0.479296875
0.5022916666666666
0.4754947916666668
0.5055989583333335
0.5004947916666665
0.485625
0.45638020833333337
0.450390625
0.5428645833333334
0.5045572916666666
0.48346354166666655
0.469765625
0.4984375000000002
0.4697135416666666
0.4859374999999999
0.47166666666666657
0.523359375
0.5408333333333334
0.5841145833333332
0.5165885416666667
0.50625
0.49833333333333335
0.5246614583333334
0.51015625
0.4719531250000001
0.4759895833333333
0.5513020833333334
0.48664062499999977
0.49705729166666673
0.5197656250000001
0.4895052083333332
0.514375
0.5009635416666667
0.4788020833333334
0.5305468750000001
0.49945312499999994
0.5614062500000001
0.5053385416666668
0.4880729166666668
0.5361197916666665
0.479765625
0.48151041666666666
0.5064322916666665
0.5050520833333335
