0.8292803030303034
0.8660700757575753
0.8429671717171715
0.7735290404040402
0.7975662878787878
0.7843465909090912
0.8554292929292932
0.7743497474747474
0.8609311868686871
0.8286805555555554
0.7957575757575757
0.7798768939393943
0.8098989898989898
0.8303819444444446
0.7950852272727272
0.8645959595959596
0.7919318181818185
0.7948074494949497
0.8003377525252526
0.8437152777777779
0.7464962121212119
0.8142613636363636
0.8477651515151511
0.8068055555555557
0.8355776515151515
0.8764709595959598
0.8380334595959594
0.8273832070707074
0.8462373737373735
0.8337973484848485
0.7860732323232326
0.8562121212121212
0.841199494949495
0.7982449494949497
0.8637247474747476
0.8148263888888888
0.8148989898989902
0.858131313131313
0.8147001262626264
0.8409785353535354
0.740435606060606
0.7659375
0.8468623737373736
0.7628693181818181
0.8555303030303033
0.8329387626262624
0.8800157828282829
0.7819128787878791
0.8085101010101012
0.8101515151515156
0.8290088383838384
0.8264741161616166
0.7754387626262627
0.8578188131313134
0.8260227272727272
0.80583648989899
0.8430713383838382
0.7581597222222223
0.7869128787878789
0.8277809343434341
0.8282702020202025
0.8474905303030305
0.8689930555555557
0.7668529040404043
0.7986584595959596
0.8366635101010103
0.8554166666666668
0.7254861111111113
0.808219696969697
0.7885669191919191
0.8046401515151516
0.8336837121212121
0.8237500000000001
0.8229261363636365
0.7882544191919193
0.8670296717171715
0.8338415404040405
0.7962910353535355
0.8318750000000005
0.8083238636363635
0.7594602272727273
0.8465498737373739
0.851928661616162
0.8167897727272729
0.7835984848484848
0.8151167929292928
0.7679797979797979
0.7840877525252526
0.7839993686868684
0.8186931818181823
0.8131502525252527
0.789810606060606
0.7926388888888889
0.8405713383838386
0.7889898989898991
0.7945075757575759
0.8421969696969697
0.8059280303030306
0.7891635101010099
0.8540309343434345
0.7983270202020202
0.8249684343434346
0.8239520202020203
0.8234848484848486
0.7688952020202018
0.7819065656565657
0.8024526515151519
0.864040404040404
0.7990845959595961
0.8500189393939394
0.7937184343434345
0.7990877525252528
0.8291635101010101
0.7875473484848484
0.7973642676767677
0.8325220959595961
0.7800252525252525
0.8003693181818182
0.810189393939394
0.7863794191919194
0.7390593434343435
0.773175505050505
0.7947285353535355
0.8126010101010099
0.8255902777777776
0.8460290404040404
0.8502746212121215
0.8462689393939392
0.8280934343434343
0.7536332070707072
0.8134722222222223
0.7930018939393938
0.7428819444444447
0.7246464646464648
0.8498768939393944
0.8236268939393939
0.7936047979797978
0.7966950757575758
0.778052398989899
0.8655523989898986
0.8095233585858586
0.8296559343434347
0.828866792929293
0.7592077020202018
0.7674305555555553
0.8267518939393941
0.8350063131313132
0.8180555555555558
0.7493150252525254
0.8505523989898992
0.8184185606060607
0.8085669191919195
0.8074968434343437
0.8232133838383838
0.8098989898989902
0.7965719696969701
0.8674589646464643
0.8596464646464648
0.7950662878787875
0.8402272727272728
0.8335700757575759
0.8386773989898992
0.8449147727272727
0.8458996212121211
0.8419570707070707
0.7657922979797982
0.8023926767676768
0.8416635101010104
0.8350757575757577
0.8040404040404041
0.8301767676767677
0.7957891414141414
0.7840972222222223
0.8389678030303033
0.7921275252525254
0.7985732323232324
0.741903409090909
0.8192487373737376
0.7944065656565661
0.8198547979797979
0.7627619949494948
0.8688604797979796
0.7981534090909093
0.8696369949494952
0.8615340909090914
0.7791761363636364
0.77792297979798
0.7136584595959597
0.7869065656565658
0.7503030303030305
0.7871811868686871
0.7827430555555557
0.8263636363636364
0.7425757575757576
0.7796843434343432
0.8242234848484853
0.8236016414141412
0.8370296717171718
0.8303693181818186
0.8080145202020202
0.8053851010101011
0.8167234848484851
0.8339709595959597
0.8288383838383843
0.795713383838384
0.8431628787878789
0.815239898989899
0.8695707070707072
0.787799873737374
0.8331944444444441
0.7727588383838382
0.8447727272727273
0.8337689393939397
0.8105334595959597
0.8522758838383839
0.7961111111111111
0.7811647727272728
0.7670075757575759
0.8191477272727274
0.7777493686868688
0.8057196969696969
0.8283396464646465
0.7394917929292929
0.8273358585858586
0.8425662878787878
0.749011994949495
0.8030650252525254
0.8617361111111113
0.7896685606060607
0.8247348484848486
0.822455808080808
0.7758964646464651
0.7960511363636361
0.8241066919191918
0.8135795454545455
0.8364046717171716
0.7820044191919194
0.7924084595959597
0.8488857323232327
0.7926546717171716
0.7856186868686867
0.7019886363636363
0.7847537878787878
0.7952241161616161
0.8073232323232324
0.7154924242424243
0.8347253787878789
0.7590530303030305
0.8712215909090911
0.763800505050505
0.8297664141414143
0.8097411616161616
0.8361521464646468
0.7854703282828284
0.7975252525252526
0.8215845959595963
0.8053030303030304
0.8425726010101009
0.7964078282828282
0.8197380050505051
0.7696906565656565
0.8495044191919194
0.8113478535353535
0.8042834595959597
0.7080050505050507
0.7760258838383841
0.8205839646464648
0.8219917929292929
0.8192424242424243
0.8232512626262627
0.8366540404040405
0.827604166666667
0.7251167929292932
0.8137594696969697
0.8814583333333335
0.7820202020202021
0.827850378787879
0.8334564393939395
0.8839930555555554
0.8185479797979798
0.7745359848484848
0.8668371212121215
0.7957891414141414
0.8315340909090908
0.7782512626262624
0.802761994949495
0.7739930555555558
0.8380744949494949
0.7857449494949497
0.8602241161616162
0.7713699494949495
0.8132670454545458
0.8040972222222221
0.7802683080808079
0.8497159090909092
0.7415404040404043
0.8174147727272729
0.7916919191919191
0.7208270202020202
0.8078819444444444
0.8306155303030305
0.7318939393939398
0.734201388888889
0.8050852272727272
0.7480744949494951
0.8159532828282832
0.8447380050505052
0.7987657828282828
0.8154292929292929
0.7972474747474749
0.8224053030303031
0.8390940656565659
0.8161616161616162
0.8335227272727272
0.8040309343434346
0.7015246212121212
0.7938510101010102
0.8317171717171719
0.8198169191919196
0.7617045454545456
0.7475852272727276
0.7616351010101009
0.830795454545455
0.805088383838384
0.7732733585858587
0.8312215909090911
0.840217803030303
0.8164614898989899
0.8467676767676768
0.7334690656565658
0.7802619949494948
0.8695896464646466
0.8466982323232327
0.7831597222222224
0.7640151515151515
0.7875000000000001
0.8175157828282831
0.8009911616161619
0.8537689393939395
0.7859280303030306
0.8342518939393939
0.7716887626262625
0.8014046717171718
0.8584501262626262
0.7537405303030305
0.7980965909090909
0.8551893939393941
0.8053756313131315
0.778046085858586
0.8552935606060607
0.8303314393939395
0.8429135101010102
0.7714646464646466
0.8199905303030307
0.7283428030303034
0.8187373737373739
0.7957954545454544
0.8697127525252526
0.7665814393939396
0.8808396464646465
0.8372095959595957
0.8648800505050502
0.793854166666667
0.7870265151515151
0.8115877525252522
0.8595959595959597
0.8631313131313132
0.8028535353535353
0.8221843434343437
0.8514267676767675
0.8469160353535355
0.7801388888888892
0.8396275252525254
0.8710827020202019
0.8202241161616162
0.8463131313131312
0.8363257575757578
0.8496811868686867
0.8470707070707074
0.7500252525252528
0.8451041666666671
0.7927683080808081
0.8321117424242427
0.7803693181818183
0.7985637626262626
0.8020359848484852
0.8276294191919191
0.7856818181818184
0.8210006313131316
0.8543150252525255
0.8117960858585859
0.7280018939393941
0.8227619949494951
0.8424463383838386
0.8555334595959593
0.7643813131313131
0.8196085858585859
0.7982796717171716
0.8421464646464649
0.7816950757575757
0.8491729797979798
0.7960069444444442
0.8610037878787878
0.804501262626263
0.7634785353535355
0.7659564393939394
0.826862373737374
0.8027588383838384
0.7875378787878787
0.8444570707070708
0.8669507575757578
0.7429482323232327
0.7870296717171719
0.8288510101010099
0.8208333333333335
0.8511300505050504
0.8370959595959597
0.8214804292929293
0.8187310606060606
0.8468939393939398
0.8690435606060606
0.765347222222222
0.8459406565656564
0.8309753787878791
0.831111111111111
0.8441698232323235
0.8636805555555555
0.7845549242424242
0.815656565656566
0.8333522727272726
0.7217108585858587
0.8343560606060607
0.79927398989899
0.868721590909091
0.7710164141414141
0.7869444444444444
0.8100505050505055
0.8096685606060607
0.7738446969696972
0.7803819444444444
0.8454071969696973
0.7846811868686869
0.8418276515151516
0.8087973484848484
0.8576736111111112
0.7585290404040406
0.836852904040404
0.7781376262626264
0.780508207070707
0.8136710858585858
0.8350726010101012
0.819671717171717
0.8387815656565659
0.7974400252525256
0.8457954545454546
0.8160290404040406
0.8159501262626264
0.8098516414141418
0.8263446969696971
0.8341919191919193
0.8366382575757574
0.8132260101010099
0.8335637626262624
0.7852146464646463
0.7864425505050509
0.7899431818181821
0.7627241161616162
0.8720170454545453
0.7970359848484848
0.8455239898989899
0.8224747474747474
0.8017234848484849
0.8021022727272731
0.8367108585858586
0.8272474747474747
0.812872474747475
0.8309217171717173
0.805195707070707
0.8247916666666666
0.8441193181818183
0.8054608585858587
0.8022632575757577
0.7657417929292929
0.8328566919191916
0.7836584595959597
0.8439962121212125
0.8593150252525251
0.7981628787878787
0.8158522727272728
0.8021212121212122
0.8065814393939396
0.8307891414141415
0.8137468434343433
0.8100031565656569
0.7334532828282828
0.8404766414141416
0.8018750000000001
0.8072348484848486
0.8169444444444448
0.7553945707070708
0.8534122474747476
0.8491919191919195
0.8102083333333339
0.8247411616161616
0.7840183080808079
0.8898453282828281
0.8239204545454545
0.8391761363636366
0.7799936868686871
0.8404766414141416
0.8047790404040402
0.8135353535353537
0.8739267676767675
0.8485669191919193
0.7431660353535352
0.7902430555555555
0.8081755050505051
0.8361016414141414
0.8738352272727272
0.744665404040404
0.8065972222222224
0.7841256313131312
0.8249621212121212
0.8133648989898988
0.8529955808080807
0.7689267676767675
0.8659848484848486
0.8248579545454545
0.8644886363636364
0.8616224747474746
0.7864835858585856
0.821111111111111
0.8027714646464645
0.7865845959595957
0.8010353535353536
0.7907607323232326
0.8329734848484849
0.8214141414141416
0.7360101010101013
0.8671401515151516
0.8693781565656568
0.779166666666667
0.8646938131313132
0.8061489898989903
0.825037878787879
0.8503787878787881
0.8475094696969694
0.8512184343434341
0.8148421717171717
0.7987342171717171
0.8429577020202024
0.8734627525252523
0.8413952020202021
0.7370044191919193
0.8349652777777777
0.8473011363636362
0.8119444444444445
0.8334501262626263
0.8056976010101009
0.8229482323232324
0.7784280303030304
0.7725378787878787
0.844753787878788
0.8519760101010104
0.8435416666666667
0.8364835858585862
0.816136363636364
0.8229135101010101
0.7765214646464645
0.7628282828282829
0.7664109848484848
0.8539457070707073
0.7903219696969696
0.7417424242424243
0.8072032828282829
0.8050031565656569
0.8333364898989902
0.7688541666666664
0.8247727272727274
0.7946906565656565
0.8305429292929293
0.8290088383838388
0.8456439393939392
0.845227272727273
0.8549558080808081
0.8161237373737376
0.8227904040404043
0.8333933080808081
0.7909595959595958
0.7874747474747475
0.7881313131313133
0.8003377525252526
0.7828914141414139
0.7745549242424243
0.7835637626262628
0.8589835858585861
0.8208333333333337
0.8306660353535353
0.8283617424242425
0.7740909090909092
0.8571369949494952
0.864775883838384
0.7553503787878789
0.8303282828282831
0.8515467171717177
0.8177051767676765
0.7994412878787878
0.8206376262626266
0.7957859848484847
0.8774431818181821
0.8257481060606062
0.7333270202020201
0.8293434343434345
0.7981818181818183
0.7778819444444446
0.7449873737373739
0.8085037878787874
0.8065877525252527
0.7963226010101012
0.7960732323232323
0.8344223484848483
0.8249431818181818
0.8197316919191918
0.8311647727272728
0.756407828282828
0.80198547979798
0.8455681818181818
0.8562310606060608
0.758920454545455
0.8190088383838386
0.8213636363636363
0.8054545454545454
0.7832323232323233
0.8136300505050502
0.73167297979798
0.7630744949494946
0.8485258838383838
0.7810290404040405
0.8160732323232325
0.8080523989898992
0.8027525252525253
0.8017645202020202
0.7900410353535355
0.7951010101010102
0.8602241161616164
0.786701388888889
0.7558522727272728
0.8403756313131312
0.8603977272727273
0.8274242424242425
0.7652209595959595
0.8219981060606061
0.8098137626262628
0.81364898989899
0.8051262626262627
0.8455018939393937
0.7806470959595961
0.7362941919191922
0.8315183080808082
0.7982638888888891
0.7532323232323234
0.775037878787879
0.8098453282828282
0.8680555555555558
0.7983143939393942
0.8522979797979798
0.8318844696969698
0.80782196969697
0.8503125000000001
0.8194160353535354
0.8300820707070706
0.8232039141414141
0.7973547979797982
0.8062531565656567
0.8118371212121209
0.818772095959596
0.8185921717171716
0.812705176767677
0.8296433080808082
0.8268529040404039
0.7996022727272727
0.8968970959595955
0.836054292929293
0.8111016414141413
0.8327241161616163
0.7969823232323233
0.738967803030303
0.8349242424242427
0.8065845959595961
0.8019854797979796
0.8148958333333333
0.8316287878787877
0.8112247474747476
0.8186458333333334
0.8648137626262627
0.8678314393939397
0.8061553030303028
0.8358964646464645
0.8210637626262627
0.7321622474747476
0.7759122474747477
0.8681470959595963
0.8662752525252526
0.7578061868686871
0.8645707070707073
0.8060385101010101
0.7896054292929293
0.8035353535353537
0.8122979797979799
0.8103756313131312
0.8333712121212122
0.7943213383838384
0.7902430555555557
0.7439993686868688
0.8379419191919194
0.8004482323232327
0.7726546717171716
0.8246527777777779
0.8358364898989898
0.8225157828282829
0.7703030303030305
0.8695044191919193
0.8490877525252523
0.8213699494949496
0.7747316919191921
0.8600536616161617
0.7799494949494948
0.8016698232323235
0.7805587121212123
0.7976325757575762
0.8240814393939394
0.7871117424242426
0.7828472222222226
0.8017929292929292
0.7832544191919194
0.7986363636363636
0.7691603535353534
0.8302272727272728
0.8524779040404042
0.8339299242424241
0.825659722222222
0.8245675505050507
0.8031660353535355
0.8429103535353538
0.8224305555555557
0.7606912878787879
0.8514709595959595
0.7882702020202023
0.8003945707070705
0.7416792929292927
0.8340025252525253
0.8269160353535354
0.8102998737373736
0.8547790404040403
0.7868529040404042
0.8193213383838385
0.8043970959595961
0.8637342171717173
0.7892171717171719
0.8089267676767676
0.756344696969697
0.8630397727272725
0.8205587121212119
0.7719444444444445
0.7986332070707072
0.8406407828282829
0.8388636363636366
0.8254924242424246
0.7654198232323235
0.8490877525252529
0.7567550505050507
0.8068907828282831
0.8109532828282829
0.821338383838384
0.8247253787878792
0.7817487373737376
0.8064141414141416
0.8320359848484848
0.8560385101010104
0.8249053030303031
0.7890498737373741
0.8320580808080806
0.7679229797979797
0.7917866161616164
0.7964236111111112
0.8271559343434346
0.8001957070707071
0.7929861111111114
0.7895328282828286
0.7973295454545456
0.8553914141414143
0.7680334595959596
0.8296717171717174
0.8085195707070709
0.8082828282828284
0.7792518939393939
0.813923611111111
0.8043781565656565
0.7983838383838385
0.8094286616161617
0.7895391414141415
0.7726578282828285
0.7374968434343436
0.8195801767676768
0.8209217171717172
0.8604387626262628
0.8011584595959599
0.7700284090909092
0.8589804292929293
0.8016035353535353
0.8614015151515154
0.7958901515151515
0.8137563131313132
0.828270202020202
0.8224400252525252
0.8403724747474746
0.8476325757575759
0.846354166666667
0.8000284090909091
0.7943939393939398
0.7781092171717175
0.7798263888888891
0.8455050505050505
0.7849779040404045
0.800284090909091
0.7800662878787878
0.787124368686869
0.8549526515151517
0.842739898989899
0.839302398989899
0.7823106060606064
0.7798926767676769
0.8567613636363638
0.845757575757576
0.7522253787878789
0.8161426767676769
0.8451736111111114
0.7579229797979798
0.8177809343434344
0.7934880050505052
0.8082007575757576
0.7623895202020202
0.8102367424242428
0.7600252525252528
0.8530587121212122
0.8019160353535355
0.7693876262626261
0.8185195707070713
0.7988446969696971
0.7724936868686869
0.7409943181818182
0.8502777777777776
0.8446906565656568
0.8428188131313132
0.814974747474748
0.7340309343434345
0.7344002525252524
0.8358996212121216
0.7748516414141413
0.7633428030303032
0.8388952020202024
0.7602588383838382
0.7859311868686869
0.7637910353535357
0.8137657828282829
0.8147127525252528
0.7889520202020205
0.7648295454545455
0.7837752525252527
0.8424589646464645
0.7970486111111111
0.8150252525252526
0.8334280303030304
0.8510227272727274
0.8526578282828281
0.8353914141414144
0.787850378787879
0.7874431818181822
0.7749368686868688
0.8441666666666668
0.7785921717171718
0.848096590909091
0.8605271464646463
0.7577872474747477
0.8669381313131317
0.8473737373737378
0.7471843434343434
0.7079861111111113
0.8117266414141413
0.8035321969696971
0.8238825757575761
0.7854797979797981
0.8372632575757578
0.8301704545454547
0.8177083333333335
0.8558301767676766
0.8327998737373739
0.7613888888888887
0.8180523989898991
0.8711931818181818
0.8466508838383837
0.7913131313131315
0.8366382575757576
0.7761773989898993
0.7681944444444444
0.8459501262626266
0.8080145202020204
0.864649621212121
0.7887815656565655
0.8335858585858585
0.7831281565656566
0.7739867424242425
0.8259280303030306
0.8476452020202021
0.8443655303030304
0.8407702020202023
0.8571527777777778
0.8165151515151517
0.8329671717171719
0.7522411616161616
0.800656565656566
0.7672758838383839
0.8172032828282828
0.7550157828282827
0.7849337121212122
0.8470075757575755
0.7856565656565657
0.7263762626262629
0.8224715909090909
0.7620170454545452
0.7570296717171717
0.7865467171717174
0.8270549242424242
0.803459595959596
0.8272001262626263
0.7877083333333331
0.8202367424242426
0.7206565656565656
0.8439741161616162
0.7979198232323236
0.7389646464646463
0.757054924242424
0.853147095959596
0.7829135101010101
0.8332291666666667
0.8380997474747476
0.7903945707070708
0.8562184343434345
0.8049400252525255
0.8590782828282829
0.8066224747474747
0.8053787878787879
0.7827398989898992
0.8516698232323234
0.8705713383838385
0.7532512626262625
0.8013573232323233
0.7878030303030304
0.8441161616161617
0.757260101010101
0.7701041666666667
0.7870896464646467
0.7650820707070709
0.8277998737373735
0.8357133838383841
0.8320202020202019
0.79353851010101
0.8569665404040407
0.8216603535353534
0.7869633838383838
0.7554482323232321
0.7610890151515153
0.7663825757575757
0.8509374999999999
0.8456218434343432
0.7814109848484847
0.882222222222222
0.8692518939393937
0.8114393939393939
0.769722222222222
0.8425347222222225
0.8165309343434346
0.8274368686868686
0.8285353535353535
0.8017297979797979
0.7918402777777779
0.8127209595959597
0.8417960858585856
0.8308364898989902
0.8082954545454544
0.8615435606060605
0.8245612373737374
0.8290309343434344
0.8520044191919195
0.8538226010101012
0.8295928030303032
0.8250441919191921
0.8292140151515152
0.7996117424242426
0.8386521464646468
