0.5167297979797979
0.5615214646464645
0.5210511363636364
0.5641224747474748
0.5488888888888888
0.5448074494949494
0.5492171717171717
0.5641950757575759
0.5430934343434344
0.5595833333333333
0.5872474747474746
0.6230744949494947
0.5488794191919193
0.5221243686868688
0.5508901515151515
0.5531470959595959
0.5565909090909089
0.5522506313131312
0.5608743686868687
0.5336931818181821
0.5778977272727273
0.5419570707070708
0.5417708333333333
0.5811837121212121
0.5394728535353535
0.5486679292929292
0.5290845959595959
0.5914646464646465
0.5559406565656563
0.5460321969696972
0.540088383838384
0.5419255050505051
0.5310700757575756
0.5735511363636363
0.5752083333333333
0.5789299242424243
0.5858112373737372
0.5472506313131312
0.5480113636363637
0.5261426767676768
0.5764172979797979
0.566070075757576
0.6067424242424243
0.538929924242424
0.532304292929293
0.5385069444444445
0.539766414141414
0.5432638888888889
0.5546559343434343
0.5757986111111112
0.5537247474747474
0.5666224747474747
0.5726136363636364
0.5516635101010102
0.5538478535353534
0.5717645202020203
0.5331439393939391
0.5418592171717171
0.550662878787879
0.5683080808080806
0.5305334595959593
0.5466950757575756
0.5435258838383838
0.5704892676767677
0.5514362373737374
0.5335037878787879
0.5456407828282829
0.5559501262626264
0.5392455808080807
0.5542739898989899
0.5108459595959595
0.5354198232323233
0.5395517676767676
0.5743339646464645
0.6259564393939395
0.5562026515151515
0.5378156565656566
0.5639362373737373
0.5545675505050505
0.5456565656565657
0.539267676767677
0.554324494949495
0.5534974747474746
0.5346117424242425
0.5392234848484848
0.5623169191919192
0.5565025252525252
0.5348358585858584
0.5143055555555555
0.5690088383838382
0.5249116161616163
0.5366887626262626
0.5653819444444445
0.5687247474747474
0.5457512626262626
0.5558901515151516
0.5479861111111111
0.5445170454545457
0.5457575757575758
0.5180776515151515
0.5506881313131312
0.550356691919192
0.5398705808080807
0.5750915404040403
0.5414109848484848
0.5880902777777779
0.5660953282828284
0.5588162878787878
0.575050505050505
0.5805618686868687
0.5454166666666667
0.5457386363636361
0.5542108585858587
0.529403409090909
0.5560953282828283
0.5318371212121212
0.573727904040404
0.5559122474747477
0.5594602272727272
0.5302209595959595
0.5475031565656566
0.5724652777777777
0.5466666666666667
0.5444160353535354
0.5431912878787881
0.5317897727272729
0.5223232323232325
0.520239898989899
0.5393150252525252
0.5578282828282829
0.5565119949494949
0.58916351010101
0.5302935606060605
0.5580776515151515
0.5598263888888888
0.5315814393939394
0.5253945707070709
0.5402840909090909
0.537995580808081
0.5509880050505054
0.5534375
0.5348579545454546
0.5771496212121214
0.5458301767676766
0.5414236111111111
0.5472537878787878
0.5528724747474749
0.5407196969696969
0.5384154040404039
0.5229040404040404
0.545662878787879
0.5730934343434344
0.5507481060606062
0.5338478535353535
0.53739898989899
0.5536458333333332
0.5633901515151516
0.5412500000000001
0.5858428030303029
0.5823484848484849
0.526300505050505
0.5466287878787878
0.5276420454545454
0.5693181818181818
0.552392676767677
0.5480460858585858
0.5699652777777778
0.5592424242424243
0.5261868686868686
0.5666603535353536
0.5595580808080807
0.5443339646464647
0.5623958333333332
0.5391698232323233
0.5223863636363637
0.5256912878787879
0.6055271464646466
0.5844034090909092
0.5207291666666667
0.5586742424242425
0.6558554292929292
0.5379040404040404
0.549157196969697
0.5267803030303029
0.5234090909090908
0.5352367424242426
0.5655555555555555
0.5310574494949496
0.6543434343434342
0.5608712121212122
0.5544949494949495
0.5626988636363638
0.5289299242424242
0.5636679292929293
0.5304324494949497
0.5626641414141413
0.5298390151515151
0.5291414141414141
0.5728724747474746
0.5182765151515152
0.5813762626262625
0.5313731060606063
0.601843434343434
0.6035037878787878
0.5434501262626263
0.5580523989898992
0.5731786616161617
0.5261994949494949
0.5097885101010102
0.5447095959595959
0.5521969696969695
0.5164488636363636
0.5615751262626262
0.5860763888888887
0.555094696969697
0.5510006313131313
0.5408364898989897
0.5361205808080808
0.5328661616161615
0.5955113636363637
0.6019444444444444
0.582383207070707
0.5938699494949493
0.5713194444444445
0.544592803030303
0.5293970959595958
0.5607133838383838
0.5577051767676767
0.5251294191919191
0.5612784090909091
0.5496780303030302
0.556947601010101
0.5519665404040406
0.5801357323232323
0.5803472222222223
0.6034059343434341
0.5264488636363636
0.5404482323232321
0.5583491161616163
0.5320549242424242
0.5826010101010103
0.5326262626262627
0.5241287878787879
0.5835132575757577
0.564011994949495
0.5517834595959594
0.5463573232323231
0.5303440656565654
0.5622474747474748
0.5259816919191918
0.6084217171717172
0.5502588383838384
0.5748547979797979
0.5265877525252524
0.5398800505050505
0.6488257575757577
0.5264078282828283
0.5340751262626262
0.5357165404040406
0.5331439393939394
0.570195707070707
0.5674968434343435
0.5263983585858586
0.536685606060606
0.5431218434343436
0.6170359848484847
0.5555839646464645
0.5621559343434345
0.5173011363636365
0.5284974747474749
0.5228282828282828
0.5582039141414141
0.5457417929292928
0.5570454545454545
0.5646654040404041
0.5089488636363637
0.5377556818181816
0.5652904040404042
0.5412089646464647
0.5873390151515152
0.5476515151515152
0.5732796717171716
0.5345170454545454
0.5644602272727274
0.5525883838383838
0.6063636363636362
0.5316130050505052
0.5877904040404041
0.5497127525252525
0.5479924242424242
0.5321811868686868
0.5498737373737372
0.5322095959595959
0.5776641414141414
0.6041445707070706
0.5676262626262627
0.5644791666666668
0.5564962121212119
0.5414330808080807
0.5409943181818182
0.558308080808081
0.6115151515151513
0.5477178030303029
0.5527367424242424
0.5480334595959595
0.5596306818181818
0.5270170454545453
0.5188699494949494
0.555852272727273
0.5697853535353535
0.5225473484848486
0.537929292929293
0.5904640151515153
0.5458112373737374
0.5795801767676766
0.5415877525252526
0.6237405303030303
0.5434248737373736
0.5591256313131314
0.5521338383838384
0.5555681818181819
0.5526167929292928
0.5428125
0.5527809343434342
0.53987373737373745
0.5738005050505051
0.537304292929293
0.6388005050505051
0.5410763888888888
0.5098674242424243
0.5267392676767677
0.5599463383838384
0.5898295454545456
0.5649779040404042
0.5345801767676768
0.5878914141414142
0.5376862373737376
0.5221085858585858
0.5705902777777778
0.5467582070707071
0.5826357323232323
0.5640656565656567
0.54875
0.5621275252525254
0.5557228535353534
0.5501862373737374
0.5826262626262627
0.5419917929292929
0.5592897727272728
0.5427209595959597
0.6241792929292928
0.6101578282828283
0.5423989898989899
0.5562089646464645
0.5473516414141415
0.571628787878788
0.5544570707070708
0.5722537878787879
0.5885006313131315
0.5560416666666665
0.5225599747474747
0.537266414141414
0.5431502525252525
0.5421212121212122
0.5368497474747475
0.5774179292929292
0.6082986111111112
0.5498863636363638
0.5653503787878787
0.5478472222222225
0.5228124999999999
0.5454356060606061
0.6083175505050503
0.6399273989898987
0.5368150252525252
0.5395549242424245
0.5188604797979799
0.5816666666666667
0.6146054292929294
0.5380334595959598
0.5215814393939394
0.5627241161616161
0.524832702020202
0.5307481060606062
0.559403409090909
0.5947569444444445
0.5596148989898989
0.5967108585858586
0.5351452020202019
0.5551704545454546
0.5492929292929293
0.5557828282828282
0.5195044191919191
0.5885700757575757
0.5710037878787879
0.5319097222222223
0.5489520202020199
0.55552398989899
0.5477619949494951
0.5368276515151514
0.5368434343434343
0.5528251262626263
0.5750789141414139
0.5788162878787879
0.5524842171717171
0.5361931818181818
0.5570138888888888
0.6269128787878787
0.5249242424242424
0.5939772727272726
0.5220864898989901
0.5535890151515152
0.5253882575757576
0.5462626262626263
0.5710101010101011
0.5711300505050505
0.5206628787878788
0.5908617424242425
0.6096938131313131
0.568967803030303
0.5545801767676768
0.5404734848484849
0.5481250000000001
0.5334122474747477
0.5976262626262627
0.5351294191919193
0.5476893939393939
0.5522727272727271
0.544324494949495
0.5778882575757577
0.6233238636363636
0.56261047979798
0.528314393939394
0.6270391414141413
0.5481123737373736
0.5434059343434344
0.5776357323232321
0.6140151515151515
0.6133112373737375
0.5406881313131312
0.5452146464646465
0.5264078282828284
0.5219223484848484
0.5261016414141415
0.548510101010101
0.5632954545454545
0.5546622474747475
0.525684974747475
0.6641919191919193
0.5536742424242426
0.5289678030303029
0.5357260101010101
0.5626830808080807
0.5480429292929291
0.5834343434343435
0.5548800505050504
0.5531407828282827
0.5469255050505051
0.5605208333333336
0.5784627525252524
0.5672758838383838
0.5627178030303029
0.5442203282828282
0.5465877525252525
0.541082702020202
0.5505050505050506
0.5383617424242424
0.585965909090909
0.5573768939393939
0.5586773989898989
0.555871212121212
0.5417297979797978
0.5140656565656567
0.5345454545454547
0.5688352272727271
0.5335164141414142
0.5539267676767677
0.5258175505050506
0.5249779040404041
0.5315940656565655
0.5536521464646466
0.5437563131313133
0.5625505050505052
0.5351515151515153
0.6140025252525253
0.5468087121212121
0.5129513888888888
0.5558743686868686
0.5491161616161615
0.5128598484848483
0.5444949494949494
0.5486395202020202
0.5316540404040404
0.6010448232323232
0.5441666666666667
0.5414551767676766
0.5441540404040404
0.5417866161616163
0.5419160353535353
0.5662405303030301
0.5134469696969696
0.5326010101010101
0.5405997474747473
0.5491540404040404
0.5489583333333331
0.557042297979798
0.540173611111111
0.5284027777777779
0.5583396464646465
0.5279545454545455
0.5680492424242424
0.5283270202020202
0.529236111111111
0.5890940656565656
0.5299779040404039
0.5628756313131313
0.596322601010101
0.5410164141414142
0.518080808080808
0.5450347222222223
0.550915404040404
0.5388068181818182
0.5536016414141414
0.5477304292929294
0.5523516414141415
0.5662720959595959
0.5376704545454545
0.5364741161616162
0.559876893939394
0.5537373737373738
0.5412405303030304
0.5468087121212121
0.5114678030303029
0.5468623737373739
0.5880713383838384
0.5677998737373737
0.5394286616161617
0.5930176767676769
0.5450599747474747
0.5400915404040405
0.5521243686868686
0.5831502525252525
0.5487973484848486
0.5723263888888886
0.5926420454545455
0.5199463383838385
0.5410511363636362
0.5266477272727274
0.5263099747474748
0.5245864898989899
0.5310763888888889
0.5197411616161616
0.5492361111111109
0.5533207070707071
0.54479797979798
0.5909122474747476
0.5217960858585858
0.5664330808080806
0.575363005050505
0.5404261363636362
0.564097222222222
0.5338920454545455
0.5568939393939393
0.5719507575757576
0.5703503787878788
0.564949494949495
0.5540088383838385
0.5613036616161616
0.5374147727272727
0.5145359848484847
0.5683049242424243
0.5685606060606062
0.5031723484848485
0.5457070707070709
0.537231691919192
0.547964015151515
0.5469602272727273
0.5565340909090909
0.5383901515151515
0.5403914141414141
0.5630681818181816
0.5325347222222221
0.6256186868686868
0.5388131313131314
0.5391856060606061
0.6071874999999999
0.5455271464646466
0.5425978535353534
0.5220454545454547
0.6059217171717172
0.5341919191919191
0.5786489898989899
0.5516035353535355
0.5429166666666666
0.5634659090909091
0.5650441919191918
0.5410101010101009
0.5953566919191917
0.5589583333333334
0.5639330808080808
0.562515782828283
0.5581597222222223
0.5824210858585857
0.5576483585858584
0.5393213383838384
0.544977904040404
0.6799589646464648
0.5480397727272728
0.5481439393939396
0.5309343434343435
0.5077525252525255
0.5704071969696971
0.5397316919191921
0.5380713383838384
0.5916792929292929
0.5295738636363637
0.556641414141414
0.517136994949495
0.5649179292929293
0.5479924242424242
0.5454987373737373
0.5558522727272728
0.5723011363636364
0.5791508838383838
0.611054292929293
0.5674337121212121
0.5568939393939395
0.5685258838383838
0.5448011363636364
0.5421622474747474
0.5573832070707071
0.5529135101010102
0.5467676767676769
0.5506755050505051
0.5458617424242423
0.5465561868686869
0.5416130050505049
0.6184469696969698
0.5507386363636365
0.5646022727272727
0.5269065656565656
0.5727304292929294
0.5519034090909091
0.5275631313131314
0.5275946969696971
0.569892676767677
0.5438762626262625
0.5596433080808082
0.5974368686868686
0.5860606060606063
0.5409217171717171
0.5356439393939393
0.5535006313131313
0.54801452020202
0.5870738636363637
0.565653409090909
0.5264772727272727
0.5611489898989901
0.5491035353535352
0.5346969696969698
0.5398042929292929
0.5126641414141413
0.5783522727272729
0.5584690656565655
0.5614614898989899
0.5462878787878789
0.5599684343434344
0.5377525252525251
0.5497632575757577
0.5329324494949497
0.5660353535353536
0.5639488636363637
0.512020202020202
0.5460574494949494
0.6589141414141416
0.5336868686868685
0.5453061868686868
0.6286174242424244
0.557092803030303
0.5394255050505052
0.549984217171717
0.6010448232323233
0.5813320707070707
0.5634943181818179
0.5562310606060605
0.5366066919191919
0.5397285353535353
0.5673484848484848
0.5972790404040402
0.5555366161616162
0.5973516414141415
0.5326483585858588
0.5395549242424241
0.5638825757575759
0.5530997474747473
0.5551767676767678
0.5281565656565655
0.5854513888888888
0.5652051767676769
0.5294696969696969
0.5815530303030303
0.5447695707070707
0.5337436868686869
0.5605902777777776
0.5370612373737376
0.5618623737373738
0.5768655303030303
0.5542013888888888
0.5178440656565657
0.5113857323232325
0.5504229797979796
0.5460037878787878
0.5855271464646463
0.558626893939394
0.5469349747474745
0.605590277777778
0.5224147727272728
0.5576704545454543
0.599738005050505
0.5464488636363637
0.6695675505050507
0.5310511363636365
0.5159659090909091
0.5600378787878788
0.5358112373737373
0.5925852272727273
0.5327146464646465
0.5511963383838383
0.5533712121212122
0.5303977272727273
0.5416477272727273
0.5368150252525252
0.5657481060606062
0.5306660353535354
0.5299021464646463
0.5579450757575757
0.5131376262626263
0.5509375
0.5414299242424242
0.5698863636363637
0.7088478535353535
0.5391635101010102
0.5464299242424242
0.5658869949494949
0.5245707070707071
0.5410227272727273
0.5216477272727273
0.5921969696969697
0.5703914141414141
0.546316287878788
0.5523863636363637
0.5960511363636365
0.5145107323232324
0.5651452020202021
0.5083901515151515
0.5429797979797979
0.5081881313131312
0.584150883838384
0.5293339646464643
0.5784059343434342
0.5159848484848485
0.5753061868686872
0.5414204545454545
0.563125
0.5468402777777777
0.5461773989898989
0.5574842171717173
0.5489583333333333
0.5299337121212122
0.602761994949495
0.5690088383838384
0.6236237373737374
0.5488036616161617
0.5407796717171716
0.5983049242424244
0.5633396464646464
0.602114898989899
0.5351136363636363
0.5491035353535352
0.5648232323232324
0.5678535353535353
0.575318813131313
0.5830145202020204
0.5604608585858584
0.5273958333333332
0.5436395202020203
0.5873358585858586
0.5174842171717172
0.5569034090909092
0.5027083333333334
0.5531123737373737
0.523102904040404
0.5449747474747477
0.5228598484848485
0.5688131313131313
0.5349242424242423
0.5463825757575759
0.5654008838383839
0.5286458333333334
0.5423989898989897
0.6039078282828283
0.5928566919191919
0.5647569444444445
0.5508996212121212
0.5482796717171716
0.5358522727272728
0.5590372474747474
0.5356534090909091
0.5002683080808081
0.5339488636363636
0.5053503787878789
0.6021748737373738
0.5414741161616162
0.5781250000000001
0.5536174242424242
0.5774053030303029
0.5906060606060606
0.5486111111111114
0.5406691919191919
0.5442771464646465
0.5545486111111111
0.5349147727272728
0.5651294191919193
0.5219507575757576
0.5597443181818185
0.5267771464646465
0.563320707070707
0.5330429292929293
0.5611616161616163
0.5861300505050506
0.5449242424242426
0.5667329545454547
0.5282291666666667
0.5565467171717172
0.539744318181818
0.5225410353535351
0.5868339646464649
0.6259185606060605
0.5667266414141413
0.5596559343434344
0.5704419191919192
0.5515498737373736
0.5118181818181818
0.5718876262626263
0.6079861111111112
0.5177777777777777
0.5275473484848485
0.5283964646464646
0.5672853535353535
0.5264078282828281
0.5485890151515151
0.6078409090909092
0.5838636363636364
0.5235353535353535
0.528989898989899
0.5068623737373738
0.5652462121212121
0.5205871212121211
0.5535164141414142
0.5349589646464648
0.5429671717171717
0.5638920454545455
0.555088383838384
0.5763131313131313
0.5669949494949497
0.5473800505050505
0.5361931818181819
0.5923074494949495
0.5448453282828285
0.5264362373737375
0.5453188131313131
0.5364993686868686
0.5438289141414142
0.5794160353535355
0.532032828282828
0.5573579545454543
0.548415404040404
0.5413005050505049
0.5197380050505052
0.551183712121212
0.5649779040404042
0.5345801767676768
0.5878914141414142
0.5376862373737376
0.5221085858585858
0.5705902777777778
0.5467582070707071
0.5826357323232323
0.5640656565656567
0.54875
0.5621275252525254
0.5557228535353534
0.5501862373737374
0.5826262626262627
0.5419917929292929
0.5592897727272728
0.5427209595959597
0.6241792929292928
0.6101578282828283
0.5423989898989899
0.5562089646464645
0.5473516414141415
0.571628787878788
0.5544570707070708
0.5722537878787879
0.5885006313131315
0.5560416666666665
0.5225599747474747
0.537266414141414
0.5431502525252525
0.5421212121212122
0.5368497474747475
0.5774179292929292
0.6082986111111112
0.5498863636363638
0.5653503787878787
0.5478472222222225
0.5228124999999999
0.5454356060606061
0.6083175505050503
0.6399273989898987
0.5368150252525252
0.5395549242424245
0.5188604797979799
0.5816666666666667
0.6146054292929294
0.5380334595959598
0.5215814393939394
0.5627241161616161
0.524832702020202
0.5307481060606062
0.559403409090909
0.5947569444444445
0.5596148989898989
0.5967108585858586
0.5351452020202019
0.5551704545454546
0.5492929292929293
0.5557828282828282
0.5195044191919191
0.5885700757575757
0.5710037878787879
0.5319097222222223
0.5489520202020199
0.55552398989899
0.5477619949494951
0.5368276515151514
0.5368434343434343
0.5528251262626263
0.5750789141414139
0.5788162878787879
0.5524842171717171
0.5361931818181818
0.5570138888888888
0.6269128787878787
0.5249242424242424
0.5939772727272726
0.5220864898989901
0.5535890151515152
0.5253882575757576
0.5462626262626263
0.5710101010101011
0.5711300505050505
0.5206628787878788
0.5908617424242425
0.6096938131313131
0.568967803030303
0.5545801767676768
0.5404734848484849
0.5481250000000001
0.5334122474747477
0.5976262626262627
0.5351294191919193
0.5476893939393939
0.5522727272727271
0.544324494949495
0.5778882575757577
0.6233238636363636
0.56261047979798
0.528314393939394
0.6270391414141413
0.5481123737373736
0.5434059343434344
0.5776357323232321
0.6140151515151515
0.6133112373737375
0.5406881313131312
0.5452146464646465
0.5264078282828284
0.5219223484848484
0.5261016414141415
0.548510101010101
0.5632954545454545
0.5546622474747475
0.525684974747475
0.6641919191919193
0.5536742424242426
0.5289678030303029
0.5357260101010101
0.5626830808080807
